0|./IMG_0001.jpg|4|r/rrwxrwxrwx|0|0|70856|1652997600|1651885088|0|1651885346
0|./IMG_0002.jpg|6|r/rrwxrwxrwx|0|0|49181|1652997600|1651885126|0|1651885349
0|./IMG_0003.jpg (deleted)|8|r/rrwxrwxrwx|0|0|11983|1651874400|1651885150|0|1651885349
0|./IMG_0004.jpg|10|r/rrwxrwxrwx|0|0|68512|1652997600|1651885166|0|1651885352
0|./IMG_0005.jpg|12|r/rrwxrwxrwx|0|0|15560|1652997600|1651885176|0|1651885353
0|./.Trash-1000 (deleted)|14|d/drwxrwxrwx|0|0|512|1651874400|1651885358|0|1651885358
0|./.Trash-1000/info (deleted)|7046|d/drwxrwxrwx|0|0|512|1651874400|1651885372|0|1651885358
0|./.Trash-1000/info/.Trash-1000.trashinfo (deleted)|7063|r/rrwxrwxrwx|0|0|63|1651874400|1651885378|0|1651885378
0|./.Trash-1000/files (deleted)|7048|d/drwxrwxrwx|0|0|512|1651874400|1651885358|0|1651885358
0|./.Trash-1000/files/IMG_0003.jpg (deleted)|7078|r/rrwxrwxrwx|0|0|0|1651874400|1651885358|0|1651885359
0|./$MBR|45779|v/v---------|0|0|512|0|0|0|0
0|./$FAT1|45780|v/v---------|0|0|4608|0|0|0|0
0|./$FAT2|45781|v/v---------|0|0|4608|0|0|0|0
0|./$OrphanFiles|45782|V/V---------|0|0|0|0|0|0|0
